% Data from the paper Zhao - Two-dimensional analytical solution of elastic stresses for balanced single-lap joints - Variational method
% Their results for normal, shear and bending moment distriubtions along
% the top adherent

% Shear force
data = [-0.025711144702487143; 0.016316991892263294
    -1.0005634189913426; 0.03647021437405523
    -0.967692730520819; 0.014517486601621554
    -0.9224680500206128; -0.014883193623746044
    -0.8478768723375016; -0.04623746049196098
    -0.7622234437268106; -0.061902741514360315
    -0.7013741926618112; -0.06541723924694243
    -0.5791397553937061; -0.05715198570839636
    -0.4249003710320187; -0.03554555448673907
    -0.3150611515734507; -0.021008829187852157
    -0.18208052768998217; -0.006074275113370914
    -0.059584993816133025; 0.009642022811598205];

datax = data(1:2:end);
datay = data(2:2:end);

% Normal force
data2 = [-1.0000091324200915; 0.6009132420091323
    -0.7530684931506851; 0.4949771689497717
    -0.6234794520547946; 0.45388127853881277
    -0.5038356164383563; 0.41826484018264837
    -0.40008219178082205; 0.393607305936073
    -0.2963561643835618; 0.3662100456621004
    -0.20456621004566222; 0.3452054794520547
    -0.10875799086757998; 0.32602739726027397
    -0.03293150684931523; 0.3086757990867579
    0.05488584474885849; 0.2904109589041095
    0.18658447488584473; 0.26027397260273966
    0.2764109589041095; 0.2429223744292237
    0.3901278538812787; 0.21461187214611865
    0.4818995433789952; 0.1917808219178082
    0.5796438356164382; 0.1662100456621004
    0.6373789954337901; 0.13972602739726026
    0.7231324200913243; 0.1150684931506849
    0.8167945205479457; 0.08127853881278524
    0.8685114155251139; 0.052968036529680185
    0.9122922374429223; 0.031050228310502193
    0.9541735159817353; 0.019178082191780743
    0.9780091324200912; 0.002739726027397138];

datax2 = data2(1:2:end);
datay2 = data2(2:2:end);

% Adhesive shear stress
data3 = [-0.9981510428944993; 0.00006890973912243581
    -0.9938554273673217; 0.7682021449063008
    -0.982557131613975; 1.309310431121089
    -0.9677074455159709; 1.7924619999057025
    -0.9426213990127774; 1.6379736184504012
    -0.8959397656343504; 1.4545866685042594
    -0.8149889563075986; 1.3099850211988118
    -0.6836136267195699; 1.1366008639105187
    -0.5035894720425934; 0.9634125553544681
    -0.30193926513203473; 0.7951422260747196
    -0.10920235163551828; 0.7331162072079587
    0.14484391944088837; 0.7244771020190552
    0.4188232392654949; 0.8415221073323589
    0.6117995234347517; 1.045197535207436
    0.776007804934663; 1.3163900001088047
    0.9150125306920358; 1.6116355907922082
    0.9579556293816622; 1.2784751362780762
    0.9666948350337117; 0.9789934100528428
    0.9863232301984242; 0.7665120428836185
    0.9861099726899825; 0.5297962085136168
    0.993077835363753; 0.2641237763987765
    0.9982482418949454; 0.0032750260224938543];

datax3 = data3(1:2:end);
datay3 = data3(2:2:end);

data4 = [-1.0003710575139146; 0.9007133711359065
-0.9057513914656772; 0.8173769892079753
-0.7777365491651206; 0.6553319919517105
-0.6719851576994434; 0.5178251326138653
-0.54582560296846; 0.35823577830620124
-0.4382189239332096; 0.250315529540882
-0.3343228200371058; 0.17441924272910214
-0.2526901669758813; 0.12059630510334762
-0.1673469387755102; 0.07172123650996931
-0.07272727272727275; 0.035215840497531126
0.06085343228200357; 0.003832083409548659
0.15547309833024103; -0.02034936894091799
0.2760667903525045; -0.022219681726723506
0.3966604823747679; -0.004371684653374119
0.5153988868274582; 0.015931955368575723
0.6489795918367345; 0.0486327053228468
0.7807050092764376; 0.07885952076092972
0.8975881261595546; 0.06218218401317044
0.9643784786641927; 0.030469178708615985
1.0014842300556586; 0.010933784525334556];

datax4 = data4(1:2:end);
datay4 = data4(2:2:end);
