% Validata from:
% > On the fracture parameters in a clamped cracked lap shear adhesive joint
% > E. Verreman (1990)

% Figure 6
raw = [200.01773141604968; 7.338666804973869
190.49576650285906; 10.945372975636303
180.2290821155816; 11.548046626816912
170.24071937035643; 13.816630577130027
160.06778133630692; 14.421378836404187
150.1760823619413; 15.032350919959029
199.994878311269; 47.00621085798011
190.79664950792886; 53.1097078692478
179.118226728732; 56.834666701243464
169.73658960362016; 60.61045343153145
158.48294283158071; 62.685061525096266
150.22859587930967; 65.15799437262555
200.16836741309334; 54.97685515345616
190.82718514580603; 62.40498943246501
179.37787689794223; 69.12257043942792
169.80816358284815; 73.22614524849914
158.69280240654535; 76.6316144340858
150.20379782944127; 79.26532940886636
199.73269971344473; 9.490035398000586
189.746962644088; 10.264901520947063
179.57314938474903; 11.36755572267677
170.10447596696184; 11.323988952711915
159.9819120106842; 9.93815074621061
150.1388366635115; 9.554348248901107
199.80271773660255; 49.65756000155595
190.80015040908677; 51.11808409942557
179.12435330575832; 53.34932510405456
169.42189748842756; 52.96863451888541
158.4087431764843; 51.56308753549524
149.97507228712573; 49.38474903725219
199.8361707921113; 57.293155089921285
190.78264590329732; 61.076202948536746
179.34004771598615; 63.97650506334037
169.7770444614447; 64.26280098025232
158.53302516758941; 60.86044370680601
150.05393981043267; 57.85122466709022];

rawx = raw(1:2:end)';
rawy = raw(2:2:end)';

data1 = [rawx(1:6) ; rawy(1:6)]; % FEM G_I
data2 = [rawx(7:12) ; rawy(7:12)]; % FEM G_II
data3 = [rawx(13:18) ; rawy(13:18)]; % FEM G_T

data4 = [rawx(19:24) ; rawy(19:24)]; % Verreman G_I
data5 = [rawx(25:30) ; rawy(25:30)]; % Verreman G_II
data6 = [rawx(31:36) ; rawy(31:36)]; % Verreman G_T

data7= data2(2,:)./data1(2,:); % Mode ratio FEM

% Plot data > copy past into the main script
% plot(data1(1,:), data1(2,:), '-r') % FEM solution
% plot(data2(1,:), data2(2,:), '-b')
% plot(data3(1,:), data3(2,:), '-c')
% plot(data4(1,:), data4(2,:), ':r') % Verreman solution
% plot(data5(1,:), data5(2,:), ':b')
% plot(data6(1,:), data6(2,:), ':c')